10.15
10.040000000000001
9.92
9.85
9.78
9.87
10.51
11.090000000000002
11.72
12.35
12.99
13.58
14.22
14.85
15.410000000000002
16.04
16.6
17.270000000000003
17.92
18.54
19.15
19.630000000000003
19.21
18.33
17.380000000000003
16.479999999999997
15.570000000000002
14.750000000000002
13.88
12.97
12.37
12.63
12.85
13.12
13.33
13.53
13.78
14.040000000000001
14.320000000000002
14.51
14.750000000000002
15.31
15.549999999999999
15.709999999999999
16.049999999999997
16.310000000000002
16.509999999999998
16.71
17.009999999999998
17.25
17.5
17.71
17.78
14.250000000000002
11.01
7.610000000000001
0.0
